# Created by Octave 3.8.1, Thu Feb 04 21:39:06 2016 IST <harishkrupo@harishkrupo-Inspiron-5523>
# name: Einh
# type: matrix
# rows: 5
# columns: 100
 0.2444444444444444 0.2444444444444444 0.02222222222222222 0.02222222222222222 0.02222222222222222 0.02222222222222222 0.02222222222222222 0.02222222222222222 0.02222222222222222 0.02222222222222222 0.02222222222222222 0.02222222222222222 0.02222222222222222 0.02222222222222222 0.02222222222222222 0.02222222222222222 0.02222222222222222 0.02222222222222222 0.02222222222222222 0.02222222222222222 0.02222222222222222 0.02222222222222222 0.02222222222222222 0.02222222222222222 0.02222222222222222 0.02222222222222222 0.02222222222222222 0.02222222222222222 0.02222222222222222 0.02222222222222222 0.02222222222222222 0.02222222222222222 0.02222222222222222 0.02222222222222222 0.02222222222222222 0.02222222222222222 0.02222222222222222 0.02222222222222222 0.02222222222222222 0.02222222222222222 0.02222222222222222 0.02222222222222222 0.02222222222222222 0.02222222222222222 0.02222222222222222 0.02222222222222222 0.02222222222222222 0.02222222222222222 0.02222222222222222 0.02222222222222222 0.02222222222222222 0.02222222222222222 0.02222222222222222 0.02222222222222222 0.02222222222222222 0.02222222222222222 0.02222222222222222 0.02222222222222222 0.02222222222222222 0.02222222222222222 0.02222222222222222 0.02222222222222222 0.02222222222222222 0.02222222222222222 0.02222222222222222 0.02222222222222222 0.02222222222222222 0.02222222222222222 0.02222222222222222 0.02222222222222222 0.02222222222222222 0.02222222222222222 0.02222222222222222 0.02222222222222222 0.02222222222222222 0.02222222222222222 0.02222222222222222 0.02222222222222222 0.02222222222222222 0.02222222222222222 0.02222222222222222 0.02222222222222222 0.02222222222222222 0.02222222222222222 0.02222222222222222 0.02222222222222222 0.02222222222222222 0.02222222222222222 0.02222222222222222 0.02222222222222222 0.02222222222222222 0.02222222222222222 0.02222222222222222 0.02222222222222222 0.02222222222222222 0.02222222222222222 0.02222222222222222 0.02222222222222222 0.02222222222222222 0.02222222222222222
 0.35 0.35 0.03333333333333333 0.03333333333333333 0.03333333333333333 0.03333333333333333 0.03333333333333333 0.03333333333333333 0.03333333333333333 0.03333333333333333 0.03333333333333333 0.03333333333333333 0.03333333333333333 0.03333333333333333 0.03333333333333333 0.03333333333333333 0.03333333333333333 0.03333333333333333 0.03333333333333333 0.03333333333333333 0.03333333333333333 0.03333333333333333 0.03333333333333333 0.03333333333333333 0.03333333333333333 0.03333333333333333 0.03333333333333333 0.03333333333333333 0.03333333333333333 0.03333333333333333 0.03333333333333333 0.03333333333333333 0.03333333333333333 0.03333333333333333 0.03333333333333333 0.03333333333333333 0.03333333333333333 0.03333333333333333 0.03333333333333333 0.03333333333333333 0.03333333333333333 0.03333333333333333 0.03333333333333333 0.03333333333333333 0.03333333333333333 0.03333333333333333 0.03333333333333333 0.03333333333333333 0.03333333333333333 0.03333333333333333 0.03333333333333333 0.03333333333333333 0.03333333333333333 0.03333333333333333 0.03333333333333333 0.03333333333333333 0.03333333333333333 0.03333333333333333 0.03333333333333333 0.03333333333333333 0.03333333333333333 0.03333333333333333 0.03333333333333333 0.03333333333333333 0.03333333333333333 0.03333333333333333 0.03333333333333333 0.03333333333333333 0.03333333333333333 0.03333333333333333 0.03333333333333333 0.03333333333333333 0.03333333333333333 0.03333333333333333 0.03333333333333333 0.03333333333333333 0.03333333333333333 0.03333333333333333 0.03333333333333333 0.03333333333333333 0.03333333333333333 0.03333333333333333 0.03333333333333333 0.03333333333333333 0.03333333333333333 0.03333333333333333 0.03333333333333333 0.03333333333333333 0.03333333333333333 0.03333333333333333 0.03333333333333333 0.03333333333333333 0.03333333333333333 0.03333333333333333 0.03333333333333333 0.03333333333333333 0.03333333333333333 0.03333333333333333 0.03333333333333333 0.03333333333333333
 0.3333333333333333 0 0 0 0 0 0 0 0 0 0 0 0 0 0 0 0 0 0 0 0 0 0 0 0 0 0 0 0 0 0 0 0 0 0 0 0 0 0 0 0 0 0 0 0 0 0 0 0 0 0 0 0 0 0 0 0 0 0 0 0 0 0 0 0 0 0 0 0 0 0 0 0 0 0 0 0 0 0 0 0 0 0 0 0 0 0 0 0 0 0 0 0 0 0 0 0 0 0 0
 0.2777777777777778 0.2777777777777778 0 0 0 0 0 0 0 0 0 0 0 0 0 0 0 0 0 0 0 0 0 0 0 0 0 0 0 0 0 0 0 0 0 0 0 0 0 0 0 0 0 0 0 0 0 0 0 0 0 0 0 0 0 0 0 0 0 0 0 0 0 0 0 0 0 0 0 0 0 0 0 0 0 0 0 0 0 0 0 0 0 0 0 0 0 0 0 0 0 0 0 0 0 0 0 0 0 0
 0.3714285714285714 0 0 0 0 0 0 0 0 0 0 0 0 0 0 0 0 0 0 0 0 0 0 0 0 0 0 0 0 0 0 0 0 0 0 0 0 0 0 0 0 0 0 0 0 0 0 0 0 0 0 0 0 0 0 0 0 0 0 0 0 0 0 0 0 0 0 0 0 0 0 0 0 0 0 0 0 0 0 0 0 0 0 0 0 0 0 0 0 0 0 0 0 0 0 0 0 0 0 0


